0 0.957516 0.745404 0.0849673 0.0643382
0 0.0335095 0.969669 0.0669679 0.0588235
1 0.939542 0.847886 0.101307 0.0634191
0 0.772672 0.699908 0.157271 0.0523897
1 0.395527 0.674173 0.0390114 0.0257353
1 0.5625 0.668199 0.0441177 0.0275735
1 0.614788 0.677849 0.0416667 0.0248161
1 0.931373 0.702666 0.0686274 0.039522
1 0.446895 0.654412 0.0383987 0.0248161
1 0.74469 0.793199 0.0808823 0.0496323
1 0.274101 0.65625 0.0383987 0.0257353
1 0.388889 0.653493 0.0343137 0.0257353
0 0.151144 0.664522 0.0988562 0.0358456
