0 0.80964 0.795037 0.236928 0.0863971
0 0.24423 0.713235 0.130821 0.0523897
0 0.952614 0.743107 0.0947712 0.0634192
0 0.444342 0.657169 0.103145 0.0358456
1 0.840686 0.730699 0.0490196 0.0422794
0 0.629902 0.691177 0.109477 0.0441176
1 0.538807 0.673254 0.0457517 0.0284927
1 0.363562 0.662684 0.0383987 0.0266544
0 0.033484 0.96852 0.0664062 0.0611214
0 0.202614 0.674632 0.0915033 0.0367647
1 0.343341 0.742188 0.066585 0.0431985
1 0.882353 0.730699 0.0457517 0.0349265
0 0.696078 0.677849 0.133987 0.0505515
