0 0.956699 0.745404 0.0849673 0.0643382
0 0.0335989 0.970358 0.0671977 0.0592831
0 0.787786 0.700827 0.153186 0.054228
1 0.401859 0.674173 0.036152 0.0266544
1 0.72018 0.788603 0.0792484 0.0496324
1 0.938725 0.704504 0.0718955 0.039522
1 0.279003 0.657169 0.0383987 0.0238971
1 0.908497 0.842371 0.104575 0.0634192
1 0.622549 0.678309 0.0473856 0.0275735
1 0.45384 0.655791 0.0375817 0.0248162
1 0.394199 0.654412 0.0334967 0.0248161
1 0.568219 0.668658 0.0416667 0.0266544
0 0.145629 0.662684 0.0886438 0.0330882
