0 0.957516 0.745404 0.0849673 0.0652573
0 0.0335095 0.970358 0.0669679 0.0592831
1 0.921569 0.704504 0.0702615 0.0367647
0 0.767565 0.699449 0.14951 0.0523897
1 0.957108 0.851563 0.0857843 0.0643382
1 0.554739 0.667279 0.0473856 0.0294118
1 0.388889 0.674173 0.0375817 0.0248162
1 0.769608 0.796416 0.0849673 0.0533089
1 0.383578 0.653493 0.0359477 0.023897
1 0.437091 0.652574 0.0400327 0.0266544
1 0.603758 0.676011 0.0383987 0.0248162
1 0.269199 0.65671 0.0363562 0.023897
0 0.158446 0.665441 0.0993668 0.0358456
