0 0.784314 0.789522 0.238562 0.0827206
0 0.451797 0.659927 0.103758 0.0349265
0 0.952206 0.743107 0.0955882 0.0634192
0 0.239379 0.710938 0.125 0.0505515
0 0.632353 0.691177 0.105392 0.0413603
1 0.839869 0.730699 0.0490196 0.0413603
1 0.371732 0.663603 0.0408497 0.0275735
0 0.70915 0.680147 0.130719 0.0523897
1 0.882353 0.72932 0.0441176 0.0386029
1 0.547386 0.674173 0.0433007 0.0266544
0 0.033484 0.96875 0.0664062 0.0625
0 0.194802 0.673254 0.0850694 0.0358456
1 0.332925 0.73989 0.0686274 0.0450368
