0 0.957516 0.745404 0.0849673 0.0652573
0 0.0337265 0.970358 0.067453 0.0592831
1 0.392157 0.673713 0.0367647 0.0257353
1 0.95098 0.849265 0.0980392 0.0643382
0 0.768382 0.699449 0.159314 0.0523897
1 0.756127 0.794577 0.0841504 0.0505515
1 0.924837 0.704504 0.0718955 0.038603
1 0.441993 0.653493 0.0416667 0.0257353
1 0.558415 0.668199 0.0449346 0.0284926
1 0.271242 0.65671 0.0375817 0.0248162
1 0.386029 0.653493 0.0367647 0.0257353
0 0.154412 0.664522 0.0988562 0.0349265
1 0.60866 0.67739 0.0392157 0.023897
