0 0.957516 0.745404 0.0849673 0.0643382
1 0.918301 0.703585 0.0686274 0.0367647
0 0.0339563 0.969669 0.0679126 0.0606618
0 0.762255 0.69761 0.150327 0.0514706
1 0.781046 0.799632 0.0833333 0.0533088
1 0.385621 0.672335 0.0375817 0.0257353
1 0.552288 0.66682 0.0441177 0.0275736
1 0.433824 0.653493 0.0416667 0.0257353
1 0.266748 0.65671 0.0367647 0.0248162
1 0.380106 0.652574 0.0330882 0.023897
0 0.161765 0.665441 0.0964052 0.0367647
1 0.964461 0.852482 0.0710784 0.0597427
1 0.60049 0.67739 0.0383987 0.0220589
