0 0.956699 0.745404 0.0866013 0.0652573
0 0.0335989 0.969669 0.0671977 0.0588235
0 0.800654 0.704044 0.160131 0.0569853
1 0.402676 0.654871 0.0353349 0.0257353
1 0.953431 0.705423 0.0702615 0.038603
1 0.28799 0.658088 0.0359477 0.0257353
1 0.863562 0.83364 0.0996732 0.0606618
1 0.464461 0.65625 0.0383987 0.023897
1 0.410233 0.675552 0.0373774 0.0275735
1 0.686275 0.782169 0.0784314 0.0496323
0 0.139502 0.660846 0.0872141 0.0330882
1 0.634804 0.678768 0.0457516 0.0284927
1 0.57884 0.670956 0.0433007 0.0257353
