0 0.847222 0.802849 0.238562 0.0863971
0 0.952206 0.743566 0.0955882 0.0643382
0 0.256536 0.715533 0.133987 0.0523897
0 0.624183 0.690717 0.112745 0.0441177
0 0.431781 0.65625 0.10049 0.0349265
0 0.211601 0.67693 0.0968137 0.038603
1 0.840686 0.731618 0.0490196 0.0422794
1 0.88317 0.730699 0.0441177 0.0349265
1 0.350082 0.661305 0.0392157 0.0275735
0 0.0359477 0.970358 0.0686274 0.0592831
1 0.522876 0.672335 0.0441176 0.0284927
1 0.360294 0.745404 0.0686274 0.0459559
0 0.706291 0.681066 0.0841503 0.0441177
