0 0.957108 0.744485 0.0857843 0.0652573
0 0.0335095 0.970358 0.0669679 0.0592831
0 0.781863 0.700827 0.145425 0.0533089
1 0.936275 0.704504 0.0718954 0.038603
1 0.399101 0.674173 0.0383987 0.0257353
1 0.617647 0.67693 0.0449346 0.0257353
1 0.275735 0.65625 0.0359477 0.023897
1 0.923203 0.845129 0.102941 0.0625
1 0.732026 0.79136 0.0816993 0.0496323
1 0.565768 0.668658 0.0416667 0.0275735
1 0.450163 0.655791 0.0416667 0.0257353
1 0.390931 0.654412 0.0343137 0.023897
0 0.148386 0.662684 0.0925245 0.0330882
