0 0.956699 0.745404 0.0866013 0.0643382
0 0.0335989 0.970358 0.0671977 0.0592831
0 0.81107 0.703125 0.160539 0.0579044
1 0.644608 0.680147 0.0449346 0.0275735
1 0.294935 0.659007 0.0367647 0.0257353
1 0.471405 0.657169 0.0392157 0.0257353
1 0.664216 0.778033 0.0776144 0.0487132
1 0.833538 0.829044 0.0959967 0.0579044
1 0.418301 0.675552 0.0375817 0.0275735
1 0.588235 0.673254 0.0473857 0.0266544
1 0.406863 0.655791 0.0318628 0.023897
0 0.134191 0.660846 0.0833333 0.0349265
1 0.962418 0.703585 0.0686274 0.0376838
