0 0.835784 0.799632 0.238562 0.0854779
0 0.952614 0.743107 0.0947712 0.0634192
0 0.438011 0.657169 0.102737 0.0349264
0 0.251226 0.714614 0.134395 0.0523897
0 0.626634 0.691177 0.114379 0.0431985
0 0.207925 0.676471 0.0939543 0.0367647
1 0.840686 0.730699 0.0490196 0.0422794
0 0.0343137 0.969439 0.0679126 0.0611213
1 0.354167 0.661765 0.0404412 0.0266544
1 0.88317 0.730699 0.0441177 0.0349265
1 0.528186 0.672794 0.0433007 0.0275736
1 0.355392 0.744026 0.0686274 0.0441176
0 0.709559 0.681985 0.0857843 0.0422794
