0 0.956699 0.745404 0.0866013 0.0643382
0 0.0338542 0.970358 0.0677083 0.0592831
1 0.949346 0.704963 0.0702615 0.0376839
0 0.795752 0.702206 0.156863 0.0560662
1 0.632353 0.678768 0.0457517 0.0284927
1 0.879085 0.835938 0.101307 0.0606618
1 0.284314 0.657169 0.0375817 0.0257353
1 0.46201 0.65625 0.0383987 0.023897
1 0.407271 0.675552 0.0383987 0.0275735
1 0.696895 0.784007 0.0784314 0.0496323
1 0.399101 0.654412 0.0367647 0.0248161
0 0.140727 0.661765 0.0878268 0.0330882
1 0.57598 0.670956 0.0433007 0.0275735
