0 0.796569 0.793199 0.228758 0.0845588
0 0.449346 0.658548 0.101307 0.0358456
0 0.952206 0.743107 0.0955882 0.0634192
0 0.242188 0.711397 0.129187 0.0496323
1 0.840686 0.730699 0.0490196 0.0422794
1 0.542484 0.674632 0.0433007 0.0257353
0 0.631536 0.690257 0.107026 0.0431986
1 0.36683 0.662684 0.0383987 0.0266544
0 0.0335095 0.96852 0.0669679 0.0611214
0 0.703431 0.679228 0.13317 0.0523897
1 0.882353 0.729779 0.0424837 0.038603
1 0.339869 0.740809 0.0702614 0.0441177
0 0.199959 0.674632 0.0849673 0.0349264
