0 0.792075 0.702206 0.154412 0.0551471
0 0.956699 0.745404 0.0866013 0.0652573
0 0.0335989 0.970358 0.0671977 0.0592831
1 0.70915 0.785846 0.0800654 0.0505514
1 0.404412 0.674632 0.0367647 0.0266544
1 0.895425 0.839614 0.0996732 0.0606618
1 0.627451 0.678768 0.0457517 0.0275735
1 0.943627 0.704504 0.0718954 0.039522
1 0.457925 0.655791 0.0408497 0.0257353
1 0.39665 0.654412 0.0351307 0.0248161
1 0.281454 0.657169 0.0375817 0.0238971
0 0.143076 0.663143 0.0872141 0.0330882
1 0.573121 0.670956 0.0457516 0.0275735
