0 0.821078 0.796875 0.23366 0.0845589
0 0.440462 0.657169 0.102737 0.0349264
0 0.953023 0.743107 0.0939542 0.0634192
0 0.248315 0.713695 0.133272 0.0523897
0 0.626225 0.691177 0.106209 0.0431985
1 0.840686 0.730699 0.0490196 0.0422794
0 0.204453 0.675552 0.0923203 0.0367647
1 0.53268 0.674632 0.0424836 0.0275736
1 0.88317 0.730699 0.0441177 0.0349265
1 0.357843 0.662224 0.0392157 0.0257353
0 0.0335095 0.96875 0.0669679 0.0606618
1 0.348039 0.743107 0.0678105 0.0450368
0 0.691176 0.676471 0.135621 0.0514706
