0 0.956699 0.745404 0.0866013 0.0661765
0 0.807394 0.703125 0.159722 0.0579044
0 0.0335989 0.970358 0.0671977 0.0592831
1 0.291871 0.658088 0.0383987 0.0257353
1 0.582925 0.672335 0.0449346 0.0266544
1 0.40482 0.655791 0.0343137 0.0248162
1 0.848039 0.830423 0.0996732 0.0615809
1 0.674837 0.780331 0.0767974 0.0496323
1 0.414216 0.675552 0.0359477 0.0266544
1 0.46732 0.657169 0.0392157 0.0257353
1 0.640931 0.680147 0.0408497 0.0284927
1 0.957516 0.705882 0.0718954 0.0386029
0 0.137459 0.660846 0.0857843 0.0349265
